0004
0005
0008
0011
0012
0015
0022	
0035
0036
0043
0048
0049
0058
0062
0063
0064
0067
0068
0069
0071
0074
0078
0084
0088
0094
0100
0101
0112
0118
0121
0128
0136
0150
0151
0155
0160
0167
0168
0169
0171
0191
0192
0193
0194
0195
0199
0202
0206
0208
0211
0217
0219
0225
0226
0229
0232
0238
0242
0268
0271
0278
0283
0284
0300
0328
0334
0338
0342
0343
0344
0345
0347
0367
0374
0394
0399
0436
0441
0443
0455
0463
0492
0501
0515
0557
0576
0605
0606
0643
0649
0661
0700
0704
0706
0714
0724
0739
0746
0771
0779
0841
0844
0853
0867
0872
0875
0896
0897
0901
0907
0933
0935
0938
0981
0994
1071
1095
1109
1137
1143
1146
1160
1161
1207
1220
1239
1266
1268
1269
1277
1287
1318
1343
1424
1431
1436
1441
1448
1457
1464
1472
1493
1496
1503
1512
1535
1539
1561
1578
1582
1611
1624
1637
1657
1662
1679
1685
1688
1704
1716
1727
1732
1743
1758
1759
1768
1814
1846
1877
1887
1897
1903
1913
1921
1929
1930
1980
2038
2095
2125
2130
2147
2215
2225
2251
2264
2265
2300
2315
2320
2336
2353
2379
2385
2390
2391
2423
2433
2462
2482
2591
2642
2682
2706
2785
2849
2870
